% -------------------------------------------------------------------
%  Generated by MATLAB on 5-Oct-2016 04:45:40
%  MATLAB version: 8.4.0.150421 (R2014b)
% -------------------------------------------------------------------
                                              

A = ['', char(1), ''];

C = [1 2 3];

D = [1; 2];

ans = reshape([1 1 1 1 1 1 1 1], 2, 2, 2);

e = cell(1, 3);
e{1} = ['', char(1), ''];
e{2} = ...
  [1 2 4;
   34 0 0];
e{3} = [1 2 3];

f = ...
  [1 2 4;
   34 0 0]


